28,1
28,3
10,125
10,201
10,241
10,105
10,255
10,189
10,263
10,265
10,2
10,3
9,5
9,1
9,7
9,2
9,3
8,15
8,16
8,9
8,10
8,7
8,14
8,11
8,1
8,4
8,2
8,3
20,3
20,2
20,1
19,3
19,2
19,1
12,3
12,2
12,1
11,29
11,28
11,27
11,26
11,25
11,24
11,23
11,22
11,21
11,20
11,19
11,18
11,17
11,16
11,15
11,14
11,13
11,12
11,11
11,10
11,9
11,8
11,7
11,6
11,5
11,4
11,3
11,2
11,1
11,0
10,170
10,164
10,154
10,144
10,130
10,96
10,95
10,94
10,93
10,92
10,91
10,90
10,89
10,88
10,87
10,86
10,85
10,84
10,83
10,82
10,81
10,80
10,79
10,78
10,77
10,76
10,75
10,74
10,73
10,72
10,71
10,70
10,69
10,68
18,1
18,3
10,67
10,66
10,65
10,64
10,35
